255 255 255 255 255 255 255 255 255 255 255 255 255 255 255 255
255 255 255 255 255 255 255 255 255 255 255 255 255 255 255 255
255 255 255 255 255 255 255 255 255 255 255 255 255 255 255 255
255 255 255 255 255 255 255 255 255 255 255 255 255 255 255 255
255 255 255 255 255 255 255 255 255 255 255 255 255 255 255 255
255 255 255 255 255  68  68  68  68  68  68 255 255 255 255 255
255 255 255 255 255  68  68 255 255  68  68 255 255 255 255 255
255 255 255 255 255  68 255 255 255 255  68 255 255 255 255 255
255 255 255 255 255  68 255 255 255 255  68 255 255 255 255 255
255 255 255 255 255  68  68 255 255  68  68 255 255 255 255 255
255 255 255 255 255  68  68  68  68  68  68 255 255 255 255 255
255 255 255 255 255 255 255 255 255 255 255 253 255 255 255 255
255 255 255 255 255 255 255 255 255 255 255 255 255 255 255 255
255 255 255 255 255 255 255 255 255 255 255 255 255 255 255 255
255 255 255 255 255 255 255 255 255 255 255 255 255 255 255 255
255 255 255 255 255 255 255 255 255 255 255 255 255 255 255 255
255 255 255 255 255 255 255 255 255 255 255 255 255 255 255 255
255 255 255 255 255 255 255 255 255 255 255 255 255 255 255 255
255 255 255 255 255 255 255 255 255 255 255 255 255 255 255 255
255 255 255 255 255 255 255 255 255 255 255 255 255 255 255 255
255 255 255 255 255 255 255 255 255 255 255 255 255 255 255 255
255 255 255 255 255  54  54  54  54  54  54 255 255 255 255 255
255 255 255 255 255  54  54 255 255  54  54 255 255 255 255 255
255 255 255 255 255  54 255 255 255 255  54 255 255 255 255 255
255 255 255 255 255  54 255 255 255 255  54 255 255 255 255 255
255 255 255 255 255  54  54 255 255  54  54 255 255 255 255 255
255 255 255 255 255  54  54  54  54  54  54 255 255 255 255 255
255 255 255 255 255 255 255 255 255 255 255 253 255 255 255 255
255 255 255 255 255 255 255 255 255 255 255 255 255 255 255 255
255 255 255 255 255 255 255 255 255 255 255 255 255 255 255 255
255 255 255 255 255 255 255 255 255 255 255 255 255 255 255 255
255 255 255 255 255 255 255 255 255 255 255 255 255 255 255 255
255 255 255 255 255 255 255 255 255 255 255 255 255 255 255 255
255 255 255 255 255 255 255 255 255 255 255 255 255 255 255 255
255 255 255 255 255 255 255 255 255 255 255 255 255 255 255 255
255 255 255 255 255 255 255 255 255 255 255 255 255 255 255 255
255 255 255 255 255 255 255 255 255 255 255 255 255 255 255 255
255 255 255 255 255  47  47  47  47  47  47 255 255 255 255 255
255 255 255 255 255  47  47 255 255  47  47 255 255 255 255 255
255 255 255 255 255  47 255 255 255 255  47 255 255 255 255 255
255 255 255 255 255  47 255 255 255 255  47 255 255 255 255 255
255 255 255 255 255  47  47 255 255  47  47 255 255 255 255 255
255 255 255 255 255  47  47  47  47  47  47 255 255 255 255 255
255 255 255 255 255 255 255 255 255 255 255 253 255 255 255 255
255 255 255 255 255 255 255 255 255 255 255 255 255 255 255 255
255 255 255 255 255 255 255 255 255 255 255 255 255 255 255 255
255 255 255 255 255 255 255 255 255 255 255 255 255 255 255 255
255 255 255 255 255 255 255 255 255 255 255 255 255 255 255 255

255 255 255 255 255 255 255 255 255 255 255 255 255 255 255 255
255 255 255 255 255 255 255 254 254 255 255 255 255 255 255 255
255 255 255 255 255 255 253 246 246 253 255 255 255 255 255 255
255 255 255 253 249 250 242 223 222 242 250 249 253 255 255 255
255 255 255 249 227 218 201 175 175 200 217 227 249 255 255 255
255 255 255 250 218 168 147 143 143 146 167 217 250 255 255 255
255 255 253 242 200 147 147 163 163 146 145 200 242 253 255 255
255 254 247 223 175 145 164 189 189 162 142 174 222 246 254 255
255 254 247 223 175 145 164 190 190 163 143 173 222 246 254 255
255 255 253 242 200 148 149 165 164 147 146 199 242 253 255 255
255 255 255 250 218 168 148 146 145 147 167 216 249 255 255 255
255 255 255 249 227 218 201 175 175 200 217 227 249 255 255 255
255 255 255 253 249 250 242 223 223 242 250 249 253 255 255 255
255 255 255 255 255 255 253 247 247 253 255 255 255 255 255 255
255 255 255 255 255 255 255 254 254 255 255 255 255 255 255 255
255 255 255 255 255 255 255 255 255 255 255 255 255 255 255 255
255 255 255 255 255 255 255 255 255 255 255 255 255 255 255 255
255 255 255 255 255 255 255 254 254 255 255 255 255 255 255 255
255 255 255 255 255 255 252 246 246 252 255 255 255 255 255 255
255 255 255 253 248 249 241 220 220 241 249 248 253 255 255 255
255 255 255 248 225 215 197 170 169 196 214 225 248 255 255 255
255 255 255 249 215 162 139 136 135 137 160 214 249 255 255 255
255 255 252 241 197 139 140 156 156 138 137 195 241 252 255 255
255 254 246 220 170 137 158 185 185 156 134 168 220 246 254 255
255 254 246 220 169 137 158 185 185 156 135 168 219 246 254 255
255 255 252 241 196 140 141 159 158 140 138 195 241 252 255 255
255 255 255 249 214 161 140 138 137 139 160 213 249 255 255 255
255 255 255 248 225 214 196 169 169 196 214 224 248 255 255 255
255 255 255 253 248 249 241 220 220 241 249 248 253 255 255 255
255 255 255 255 255 255 252 246 246 252 255 255 255 255 255 255
255 255 255 255 255 255 255 254 254 255 255 255 255 255 255 255
255 255 255 255 255 255 255 255 255 255 255 255 255 255 255 255
255 255 255 255 255 255 255 255 255 255 255 255 255 255 255 255
255 255 255 255 255 255 255 254 254 255 255 255 255 255 255 255
255 255 255 255 255 255 252 246 246 252 255 255 255 255 255 255
255 255 255 253 248 249 241 219 219 241 249 248 253 255 255 255
255 255 255 248 224 213 195 167 167 194 213 224 248 255 255 255
255 255 255 249 213 158 135 132 131 134 157 213 249 255 255 255
255 255 252 241 195 135 136 153 153 134 133 193 241 252 255 255
255 254 246 219 167 133 154 182 182 152 130 165 219 246 254 255
255 254 246 219 166 133 154 183 182 153 131 165 219 246 254 255
255 255 252 241 194 136 137 155 154 136 134 193 241 252 255 255
255 255 255 249 213 158 136 133 133 135 157 213 249 255 255 255
255 255 255 248 224 213 194 166 166 194 213 224 248 255 255 255
255 255 255 253 248 249 241 219 219 241 249 248 253 255 255 255
255 255 255 255 255 255 252 246 246 252 255 255 255 255 255 255
255 255 255 255 255 255 255 254 254 255 255 255 255 255 255 255
255 255 255 255 255 255 255 255 255 255 255 255 255 255 255 255

255 255 255 255 255 255 255 255 255 255 255 255 255 255 255 255
255 255 255 255 255 255 255 254 254 255 255 255 255 255 255 255
255 255 255 255 255 255 253 246 246 253 255 255 255 255 255 255
255 255 255 253 249 250 242 222 222 242 249 249 253 255 255 255
255 255 255 249 227 217 200 174 173 199 216 227 249 255 255 255
255 255 255 250 217 167 145 142 143 146 167 217 250 255 255 255
255 255 253 242 200 146 146 162 163 147 147 200 242 253 255 255
255 254 246 222 175 143 163 189 190 164 145 175 223 247 254 255
255 254 246 223 175 143 163 189 190 165 146 175 223 247 254 255
255 255 253 242 201 147 147 164 164 149 148 201 242 253 255 255
255 255 255 250 218 168 147 145 145 148 168 218 250 255 255 255
255 255 255 249 227 218 200 175 175 200 218 227 249 255 255 255
255 255 255 253 249 250 242 223 223 242 250 249 253 255 255 255
255 255 255 255 255 255 253 247 247 253 255 255 255 255 255 255
255 255 255 255 255 255 255 254 254 255 255 255 255 255 255 255
255 255 255 255 255 255 255 255 255 255 255 255 255 255 255 255
255 255 255 255 255 255 255 255 255 255 255 255 255 255 255 255
255 255 255 255 255 255 255 254 254 255 255 255 255 255 255 255
255 255 255 255 255 255 252 246 246 252 255 255 255 255 255 255
255 255 255 253 248 249 241 220 219 241 249 248 253 255 255 255
255 255 255 248 225 214 195 168 168 195 213 224 248 255 255 255
255 255 255 249 214 160 137 134 135 138 160 214 249 255 255 255
255 255 252 241 196 137 138 156 156 140 139 196 241 252 255 255
255 254 246 220 169 135 156 185 185 158 137 169 220 246 254 255
255 254 246 220 170 136 156 185 185 159 138 169 220 246 254 255
255 255 252 241 197 139 140 158 158 141 140 196 241 252 255 255
255 255 255 249 215 162 139 137 137 140 161 214 249 255 255 255
255 255 255 248 225 215 197 170 169 196 214 225 248 255 255 255
255 255 255 253 248 249 241 220 220 241 249 248 253 255 255 255
255 255 255 255 255 255 252 246 246 252 255 255 255 255 255 255
255 255 255 255 255 255 255 254 254 255 255 255 255 255 255 255
255 255 255 255 255 255 255 255 255 255 255 255 255 255 255 255
255 255 255 255 255 255 255 255 255 255 255 255 255 255 255 255
255 255 255 255 255 255 255 254 254 255 255 255 255 255 255 255
255 255 255 255 255 255 252 246 246 252 255 255 255 255 255 255
255 255 255 253 248 249 241 219 219 241 249 248 253 255 255 255
255 255 255 248 224 213 193 165 165 193 213 224 248 255 255 255
255 255 255 249 213 157 133 130 131 134 157 213 249 255 255 255
255 255 252 241 194 134 134 152 153 136 135 194 241 252 255 255
255 254 246 219 167 131 153 182 182 154 133 166 219 246 254 255
255 254 246 219 167 132 153 182 183 155 133 166 219 246 254 255
255 255 252 241 195 135 136 154 154 137 136 194 241 252 255 255
255 255 255 249 213 158 135 133 133 136 158 213 249 255 255 255
255 255 255 248 224 213 195 167 166 194 213 224 248 255 255 255
255 255 255 253 248 249 241 219 219 241 249 248 253 255 255 255
255 255 255 255 255 255 252 246 246 252 255 255 255 255 255 255
255 255 255 255 255 255 255 254 254 255 255 255 255 255 255 255
255 255 255 255 255 255 255 255 255 255 255 255 255 255 255 255

255 255 255 255 255 255 255 255 255 255 255 255 255 255 255 255
255 255 255 255 255 255 255 254 254 255 255 255 255 255 255 255
255 255 255 255 255 255 253 247 247 253 255 255 255 255 255 255
255 255 255 253 249 250 242 223 223 242 250 249 253 255 255 255
255 255 255 249 227 217 200 175 175 201 218 227 249 255 255 255
255 255 255 249 216 167 147 145 146 148 168 218 250 255 255 255
255 255 253 242 199 146 147 164 165 149 148 200 242 253 255 255
255 254 246 222 173 143 163 190 190 164 145 175 223 247 254 255
255 254 246 222 174 142 162 189 189 164 145 175 223 247 254 255
255 255 253 242 200 145 146 163 163 147 147 200 242 253 255 255
255 255 255 250 217 167 146 143 143 147 168 218 250 255 255 255
255 255 255 249 227 217 200 175 175 201 218 227 249 255 255 255
255 255 255 253 249 250 242 222 223 242 250 249 253 255 255 255
255 255 255 255 255 255 253 246 246 253 255 255 255 255 255 255
255 255 255 255 255 255 255 254 254 255 255 255 255 255 255 255
255 255 255 255 255 255 255 255 255 255 255 255 255 255 255 255
255 255 255 255 255 255 255 255 255 255 255 255 255 255 255 255
255 255 255 255 255 255 255 254 254 255 255 255 255 255 255 255
255 255 255 255 255 255 252 246 246 252 255 255 255 255 255 255
255 255 255 253 248 249 241 220 220 241 249 248 253 255 255 255
255 255 255 248 224 214 196 169 169 196 214 225 248 255 255 255
255 255 255 249 213 160 139 137 138 140 161 214 249 255 255 255
255 255 252 241 195 138 140 158 159 141 140 196 241 252 255 255
255 254 246 219 168 135 156 185 185 158 137 169 220 246 254 255
255 254 246 220 168 134 156 185 185 158 137 170 220 246 254 255
255 255 252 241 195 137 138 156 156 140 139 197 241 252 255 255
255 255 255 249 214 160 137 135 136 139 162 215 249 255 255 255
255 255 255 248 225 214 196 169 170 197 215 225 248 255 255 255
255 255 255 253 248 249 241 220 220 241 249 248 253 255 255 255
255 255 255 255 255 255 252 246 246 252 255 255 255 255 255 255
255 255 255 255 255 255 255 254 254 255 255 255 255 255 255 255
255 255 255 255 255 255 255 255 255 255 255 255 255 255 255 255
255 255 255 255 255 255 255 255 255 255 255 255 255 255 255 255
255 255 255 255 255 255 255 254 254 255 255 255 255 255 255 255
255 255 255 255 255 255 252 246 246 252 255 255 255 255 255 255
255 255 255 253 248 249 241 219 219 241 249 248 253 255 255 255
255 255 255 248 224 213 194 166 166 194 213 224 248 255 255 255
255 255 255 249 213 157 135 133 133 136 158 213 249 255 255 255
255 255 252 241 193 134 136 154 155 137 136 194 241 252 255 255
255 254 246 219 165 131 153 182 183 154 133 166 219 246 254 255
255 254 246 219 165 130 152 182 182 154 133 167 219 246 254 255
255 255 252 241 193 133 134 153 153 136 135 195 241 252 255 255
255 255 255 249 213 157 134 131 132 135 158 213 249 255 255 255
255 255 255 248 224 213 194 167 167 195 213 224 248 255 255 255
255 255 255 253 248 249 241 219 219 241 249 248 253 255 255 255
255 255 255 255 255 255 252 246 246 252 255 255 255 255 255 255
255 255 255 255 255 255 255 254 254 255 255 255 255 255 255 255
255 255 255 255 255 255 255 255 255 255 255 255 255 255 255 255
