255 255 255 255 255 255 255 255 255 255 255 255 255 255 255 255
255 255 255 255 255 255 255 255 255 255 255 255 255 255 255 255
255 255 255 255 255 255 255 255 255 255 255 255 255 255 255 255
255 255 255 255 255 255 255 255 255 255 255 255 255 255 255 255
255 255 255 255 254 255 255 255 255 255 255 253 255 255 255 255
255 255 255 255 255  68  68  68  70  68  66 255 255 255 255 255
255 255 255 255 255  68  68 253 253  68  68 255 255 255 255 255
255 255 255 255 255  68 253 255 255 255  68 255 255 255 255 255
255 255 255 255 255  70 253 255 255 255  68 255 255 255 255 255
255 255 255 255 255  68  68 255 255  68  68 255 255 255 255 255
255 255 255 255 255  70  68  68  68  68  68 255 255 255 255 255
255 255 255 255 253 255 255 255 255 255 255 254 255 255 255 255
255 255 255 255 255 255 255 255 255 255 255 255 255 255 255 255
255 255 255 255 255 255 255 255 255 255 255 255 255 255 255 255
255 255 255 255 255 255 255 255 255 255 255 255 255 255 255 255
255 255 255 255 255 255 255 255 255 255 255 255 255 255 255 255
255 255 255 255 255 255 255 255 255 255 255 255 255 255 255 255
255 255 255 255 255 255 255 255 255 255 255 255 255 255 255 255
255 255 255 255 255 255 255 255 255 255 255 255 255 255 255 255
255 255 255 255 255 255 255 255 255 255 255 255 255 255 255 255
255 255 255 255 255 255 255 255 255 255 255 254 255 255 255 255
255 255 255 255 255  55  55  56  55  55  54 255 255 255 255 255
255 255 255 255 255  55  55 255 255  55  55 255 255 255 255 255
255 255 255 255 255  56 255 255 255 255  55 255 255 255 255 255
255 255 255 255 255  55 255 255 255 255  55 255 255 255 255 255
255 255 255 255 255  55  55 255 255  55  55 255 255 255 255 255
255 255 255 255 255  54  55  55  55  55  55 255 255 255 255 255
255 255 255 255 254 255 255 255 255 255 255 253 255 255 255 255
255 255 255 255 255 255 255 255 255 255 255 255 255 255 255 255
255 255 255 255 255 255 255 255 255 255 255 255 255 255 255 255
255 255 255 255 255 255 255 255 255 255 255 255 255 255 255 255
255 255 255 255 255 255 255 255 255 255 255 255 255 255 255 255
255 255 255 255 255 255 255 255 255 255 255 255 255 255 255 255
255 255 255 255 255 255 255 255 255 255 255 255 255 255 255 255
255 255 255 255 255 255 255 255 255 255 255 255 255 255 255 255
255 255 255 255 255 255 255 255 255 255 255 255 255 255 255 255
255 255 255 255 253 255 255 255 255 255 255 252 255 255 255 255
255 255 255 255 255  47  47  46  46  47  48 255 255 255 255 255
255 255 255 255 255  47  47 254 255  47  47 255 255 255 255 255
255 255 255 255 255  46 254 255 255 255  47 255 255 255 255 255
255 255 255 255 255  46 255 255 255 255  47 255 255 255 255 255
255 255 255 255 255  47  47 255 255  47  47 255 255 255 255 255
255 255 255 255 255  47  47  47  47  47  47 255 255 255 255 255
255 255 255 255 252 255 255 255 255 255 255 249 255 255 255 255
255 255 255 255 255 255 255 255 255 255 255 255 255 255 255 255
255 255 255 255 255 255 255 255 255 255 255 255 255 255 255 255
255 255 255 255 255 255 255 255 255 255 255 255 255 255 255 255
255 255 255 255 255 255 255 255 255 255 255 255 255 255 255 255

255 255 255 255 255 255 255 255 255 255 255 255 255 255 255 255
255 255 255 255 255 255 255 254 254 255 255 255 255 255 255 255
255 255 255 255 255 255 253 246 246 252 255 255 255 255 255 255
255 255 255 253 248 250 242 222 222 242 250 248 253 255 255 255
255 255 255 248 226 217 200 175 175 200 217 226 248 255 255 255
255 255 255 250 217 167 146 143 143 145 166 216 249 255 255 255
255 255 253 242 200 146 147 162 162 145 144 199 242 252 255 255
255 254 246 222 174 144 163 189 188 161 141 173 222 246 254 255
255 254 246 222 174 144 164 189 189 162 142 173 222 246 254 255
255 255 253 242 200 147 148 164 163 147 145 199 242 253 255 255
255 255 255 249 217 167 147 145 144 146 166 216 249 255 255 255
255 255 255 248 226 217 200 174 174 199 216 226 248 255 255 255
255 255 255 253 248 249 242 222 222 242 249 248 253 255 255 255
255 255 255 255 255 255 253 246 246 253 255 255 255 255 255 255
255 255 255 255 255 255 255 254 254 255 255 255 255 255 255 255
255 255 255 255 255 255 255 255 255 255 255 255 255 255 255 255
255 255 255 255 255 255 255 255 255 255 255 255 255 255 255 255
255 255 255 255 255 255 255 254 254 255 255 255 255 255 255 255
255 255 255 255 255 255 252 246 246 252 255 255 255 255 255 255
255 255 255 253 248 249 241 220 220 241 249 248 253 255 255 255
255 255 255 248 225 215 197 170 169 196 214 225 248 255 255 255
255 255 255 249 214 162 139 136 135 137 160 214 249 255 255 255
255 255 252 241 196 139 140 156 156 138 137 195 241 252 255 255
255 254 246 220 170 137 157 185 184 156 134 168 220 246 254 255
255 254 246 220 169 137 158 185 185 156 135 168 219 246 254 255
255 255 252 241 196 140 141 158 157 139 138 195 241 252 255 255
255 255 255 249 214 161 140 138 137 139 160 213 249 255 255 255
255 255 255 248 225 214 196 169 169 196 214 224 248 255 255 255
255 255 255 253 248 249 241 220 220 241 249 248 253 255 255 255
255 255 255 255 255 255 252 246 246 252 255 255 255 255 255 255
255 255 255 255 255 255 255 254 254 255 255 255 255 255 255 255
255 255 255 255 255 255 255 255 255 255 255 255 255 255 255 255
255 255 255 255 255 255 255 255 255 255 255 255 255 255 255 255
255 255 255 255 255 255 255 254 254 255 255 255 255 255 255 255
255 255 255 255 255 255 252 246 246 252 255 255 255 255 255 255
255 255 255 253 248 249 241 219 219 240 249 248 253 255 255 255
255 255 255 248 224 213 194 166 166 194 213 223 248 255 255 255
255 255 255 249 213 158 134 131 130 133 157 213 249 255 255 255
255 255 252 240 194 135 135 152 152 133 133 193 240 252 255 255
255 254 246 218 166 132 153 181 182 152 130 164 218 246 254 255
255 254 246 219 166 132 154 182 182 153 131 165 219 246 254 255
255 255 252 241 194 135 136 154 154 135 133 192 240 252 255 255
255 255 255 249 213 158 136 133 132 134 156 212 249 255 255 255
255 255 255 248 224 213 194 166 165 193 213 223 248 255 255 255
255 255 255 253 248 249 241 219 218 240 249 248 253 255 255 255
255 255 255 255 255 255 252 246 246 252 255 255 255 255 255 255
255 255 255 255 255 255 255 254 254 255 255 255 255 255 255 255
255 255 255 255 255 255 255 255 255 255 255 255 255 255 255 255

255 255 255 255 255 255 255 255 255 255 255 255 255 255 255 255
255 255 255 255 255 255 255 254 254 255 255 255 255 255 255 255
255 255 255 255 255 255 252 246 246 253 255 255 255 255 255 255
255 255 255 253 248 249 242 222 222 242 249 248 253 255 255 255
255 255 255 248 226 216 199 173 173 199 216 226 248 255 255 255
255 255 255 250 217 166 144 141 142 145 166 216 249 255 255 255
255 255 252 242 200 145 145 161 162 147 146 199 242 253 255 255
255 254 246 222 175 143 162 188 189 163 144 174 222 246 254 255
255 254 246 222 175 143 162 189 189 164 145 174 222 246 254 255
255 255 253 242 200 146 147 163 164 148 147 200 242 253 255 255
255 255 255 250 217 167 146 144 144 147 167 217 249 255 255 255
255 255 255 248 226 217 200 174 174 200 217 226 248 255 255 255
255 255 255 253 248 250 242 222 222 242 249 248 253 255 255 255
255 255 255 255 255 255 253 246 246 253 255 255 255 255 255 255
255 255 255 255 255 255 255 254 254 255 255 255 255 255 255 255
255 255 255 255 255 255 255 255 255 255 255 255 255 255 255 255
255 255 255 255 255 255 255 255 255 255 255 255 255 255 255 255
255 255 255 255 255 255 255 254 254 255 255 255 255 255 255 255
255 255 255 255 255 255 252 246 246 252 255 255 255 255 255 255
255 255 255 253 248 249 241 220 219 241 249 248 253 255 255 255
255 255 255 248 225 214 195 168 168 195 213 224 248 255 255 255
255 255 255 249 214 160 137 134 135 138 160 214 249 255 255 255
255 255 252 241 196 137 138 156 156 139 139 196 241 252 255 255
255 254 246 220 169 135 156 184 185 157 137 169 220 246 254 255
255 254 246 220 170 136 156 185 185 158 138 169 220 246 254 255
255 255 252 241 197 139 140 157 158 141 140 196 241 252 255 255
255 255 255 249 215 162 139 137 137 140 161 214 249 255 255 255
255 255 255 248 225 214 196 170 169 196 214 225 248 255 255 255
255 255 255 253 248 249 241 220 220 241 249 248 253 255 255 255
255 255 255 255 255 255 252 246 246 252 255 255 255 255 255 255
255 255 255 255 255 255 255 254 254 255 255 255 255 255 255 255
255 255 255 255 255 255 255 255 255 255 255 255 255 255 255 255
255 255 255 255 255 255 255 255 255 255 255 255 255 255 255 255
255 255 255 255 255 255 255 254 254 255 255 255 255 255 255 255
255 255 255 255 255 255 252 246 246 252 255 255 255 255 255 255
255 255 255 253 248 249 240 218 219 240 249 248 253 255 255 255
255 255 255 248 223 213 193 164 165 192 212 223 248 255 255 255
255 255 255 249 213 157 133 130 131 133 156 213 249 255 255 255
255 255 252 240 194 133 133 152 153 135 134 193 240 252 255 255
255 254 246 219 166 130 152 182 182 154 132 165 218 246 254 255
255 254 246 219 166 131 152 181 182 154 133 166 219 246 254 255
255 255 252 241 194 134 135 153 154 136 136 194 241 252 255 255
255 255 255 249 213 158 135 132 132 135 158 213 249 255 255 255
255 255 255 248 224 213 194 166 166 194 213 224 248 255 255 255
255 255 255 253 248 249 240 218 219 241 249 248 253 255 255 255
255 255 255 255 255 255 252 246 246 252 255 255 255 255 255 255
255 255 255 255 255 255 255 254 254 255 255 255 255 255 255 255
255 255 255 255 255 255 255 255 255 255 255 255 255 255 255 255

255 255 255 255 255 255 255 255 255 255 255 255 255 255 255 255
255 255 255 255 255 255 255 254 254 255 255 255 255 255 255 255
255 255 255 255 255 255 253 246 246 253 255 255 255 255 255 255
255 255 255 253 248 249 242 222 222 242 249 248 253 255 255 255
255 255 255 248 226 216 199 174 174 200 217 226 248 255 255 255
255 255 255 249 216 166 146 144 145 147 167 217 249 255 255 255
255 255 253 242 199 145 147 163 164 148 147 200 242 253 255 255
255 254 246 222 173 142 162 189 189 164 144 174 222 246 254 255
255 254 246 222 173 141 161 188 189 163 144 174 222 246 254 255
255 255 252 242 199 144 145 162 162 147 146 200 242 253 255 255
255 255 255 249 216 166 145 143 143 146 167 217 250 255 255 255
255 255 255 248 226 217 200 175 175 200 217 226 248 255 255 255
255 255 255 253 248 250 242 222 222 242 250 248 253 255 255 255
255 255 255 255 255 255 252 246 246 253 255 255 255 255 255 255
255 255 255 255 255 255 255 254 254 255 255 255 255 255 255 255
255 255 255 255 255 255 255 255 255 255 255 255 255 255 255 255
255 255 255 255 255 255 255 255 255 255 255 255 255 255 255 255
255 255 255 255 255 255 255 254 254 255 255 255 255 255 255 255
255 255 255 255 255 255 252 246 246 252 255 255 255 255 255 255
255 255 255 253 248 249 241 220 220 241 249 248 253 255 255 255
255 255 255 248 224 214 196 169 169 196 214 225 248 255 255 255
255 255 255 249 213 160 139 137 138 140 161 214 249 255 255 255
255 255 252 241 195 138 139 157 158 141 140 196 241 252 255 255
255 254 246 219 168 135 156 185 185 158 137 169 220 246 254 255
255 254 246 220 168 134 156 184 185 157 137 170 220 246 254 255
255 255 252 241 195 137 138 156 156 140 139 196 241 252 255 255
255 255 255 249 214 160 137 135 136 139 162 214 249 255 255 255
255 255 255 248 225 214 196 169 170 197 215 225 248 255 255 255
255 255 255 253 248 249 241 220 220 241 249 248 253 255 255 255
255 255 255 255 255 255 252 246 246 252 255 255 255 255 255 255
255 255 255 255 255 255 255 254 254 255 255 255 255 255 255 255
255 255 255 255 255 255 255 255 255 255 255 255 255 255 255 255
255 255 255 255 255 255 255 255 255 255 255 255 255 255 255 255
255 255 255 255 255 255 255 254 254 255 255 255 255 255 255 255
255 255 255 255 255 255 252 246 246 252 255 255 255 255 255 255
255 255 255 253 248 249 240 218 219 241 249 248 253 255 255 255
255 255 255 248 223 213 193 165 166 194 213 224 248 255 255 255
255 255 255 249 212 156 134 132 133 136 158 213 249 255 255 255
255 255 252 240 192 133 135 154 154 136 135 194 241 252 255 255
255 254 246 219 165 131 153 182 182 154 132 166 219 246 254 255
255 254 246 218 164 130 152 182 181 153 132 166 218 246 254 255
255 255 252 240 193 133 133 152 152 135 135 194 240 252 255 255
255 255 255 249 213 157 133 130 131 134 158 213 249 255 255 255
255 255 255 248 223 213 194 166 166 194 213 224 248 255 255 255
255 255 255 253 248 249 240 219 219 241 249 248 253 255 255 255
255 255 255 255 255 255 252 246 246 252 255 255 255 255 255 255
255 255 255 255 255 255 255 254 254 255 255 255 255 255 255 255
255 255 255 255 255 255 255 255 255 255 255 255 255 255 255 255
